,Amsterdam,Athens,Barcelona,Berlin,Cologne,Copenhagen,Edinburgh,Geneva,London,Madrid,Marseille,Munich,Paris,Prague,Rome,Vienna
Amsterdam,0,3082,1639,649,280,904,1180,1014,494,1782,1323,875,515,973,1835,1196
Athens,3082,0,3312,2552,2562,3414,3768,2692,3099,3940,2997,2210,3140,2198,2551,1886
Barcelona,1639,3312,0,1899,1539,2230,2181,758,1512,628,515,1349,1125,1679,1471,1989
Berlin,649,2552,1899,0,575,743,1727,1141,1059,2527,1584,604,1094,354,1573,666
Cologne,280,2562,1539,575,0,730,1206,765,538,1776,1208,592,508,659,1586,915
Copenhagen,904,3414,2230,743,730,0,1864,1531,1196,2597,1914,1204,1329,1033,2352,1345
Edinburgh,1180,3768,2181,1727,1206,1864,0,1536,656,2372,1860,1743,1082,1872,2467,2098
Geneva,1014,2692,758,1141,765,1531,1536,0,867,1386,443,591,546,954,1093,1055
London,494,3099,1512,1059,538,1196,656,867,0,1704,1192,1075,414,1204,1799,912
Madrid,1782,3940,628,2527,1776,2597,2372,1386,1704,0,1143,1877,1268,2307,2099,2617
Marseille,1323,2997,515,1584,1208,1914,1860,443,1192,1143,0,1034,809,1397,856,1414
Munich,875,2210,1349,604,592,1204,1743,591,1075,1877,1034,0,827,363,969,458
Paris,515,3140,1125,1094,508,1329,1082,546,414,1268,809,827,0,1094,1531,1285
Prague,973,2198,1679,354,659,1033,1872,954,1204,2307,1397,363,1094,0,1370,312
Rome,1835,2551,1471,1573,1586,2352,2467,1093,1799,2099,856,969,1531,1370,0,1168
Vienna,1196,1886,1989,666,915,1345,2098,1055,912,2617,1414,458,1285,312,1168,0
